105

131111111111 11111111 11111 11111 1111, 11 1111111, 1111111. -

’111111 11111, 11111 1111111 111 1111111 11111111 1111.

1111111 11 111111 1111111111 1111 ,111 111 11111111 11111

1111111111 11111111111151111111111111 111 11111111.

&e 111 111111 11111 1111111111 11111 1111111111111

11111 1111111 1111111 1111111 1111111 111111111111111.
51 1111111111 (1111 111 1111111 111 11111111111111111111.
111 1111111 11111

ἶ1. &ig 111111; 111111 11111 1111111 11 111.

81. 11111111 1111 1111 11111 1111111
11. 1111111 6111Ι 111 111 1111
m). 1111 11 1111111, 1111111 111111, 111111 111111, 111111 111.
(Sa. 111 111 11111 1111; 11111111111111 11.

51. 61111111 1111
ι(111. 1111111 111111 11111 1111111 11111 1111111 1111 11111
Et. 111111111111111111111111111111111 111 1111111111111111 ,
111 1111111111111111 1111111111111 11111 111111 611
ssb. 1111 1111111111 1111111 &aa 111 11111

1111111111111111
11111111111111111111 11111111 1111111111 1111111111;
1111111 11111111 1111111111 11 11 1111111, 11 mit 11111. ,
111 1111 1111111 11111, 1111111111 &un 11 111 11111111 11111
ἵ1. 1111, 1111111111, 11111111 11111, 11 11 11111 111111 111. ,
111. 111 111111111111111 61111. 11111 111, 111 111 11111 111.
11. (1111111. 11111111 11611111.
11. ga, men 11111 111111 1111.
&ti 1111 11 1111111111 11 11111, 111 11 111111 1111111 11111.
31. 111111111111 1111111111, 11111111 ei 11 111111 11111,
§Du 111 11111 1111.
St. (1111111111 11111, 11 111 1111111111 111111.
11111111 111111 11111 1111111111 11 11111 1111111111. 3
Ξ1. 1111ἡ 1111 111 11111, 1111111111111111,1111111111,1111111111-ι Ἴ
11. &ig 1111 111, 1111111111 11111111 111 111 111 111 111111 1111,

 

