11. 81, 1111191 11191. ,
11. 1119111 11 1111 1111 111111 111.
11111111111911911111111
(1.1 1111119111
&i 1111 111111111119 1911111 11111111 111 11912
11. 191111 919 1111 111 11111 1119.
151 91911111111119111
§ou 1111 11111 119 11111119 111 1111111111
11. 11191919111111191111
111111911119, 111111
111119 111911 1111111111, 919 191111111111 119.
11. 11 119119 111111111911119. 111111 111111 111
11 111111111111, 111 1111119 1111.
(zi. 111 911111 111.
ἶ1. 1111111119 111, 11111111 1111111111 1111
111 1111111111. -
11. 1111111119 11, 1111111119111.
111. 111, 1111 1111111112
11. 1111 11111 1111111111.
11. &om 11 911 11111111 111 11 11112
11. 1111, 1111111111 1111

11. 11111 1192 111111 1111111111111911111111111
. 111111911111111911111111111191111191111111-
Ε11111111111112

11. 11111 111111 1111 1111111 1111119
111 11111111 1111111 919 1111111.
&t 111 1111111 1119
11 1111111 11111111, 1111111 111 11111112 11112 1111112·
11. 1119 1191111 191911911 1111111 11911 (1111.
&t 1111111111, 11111 111119; 111119111111, 1111111,
’11111 11111111 11113111 1111111 11 911 1111111

 

